#Layer_Color=16711680
#
#Feature symbol names
#
$0 r3.937
$1 r1.9685

#
#Feature attribute names
#

#
#Layer features
#
L 0.435378 0.2097559 0.435378 0.3042441 1 P 0
L 0.435378 0.2097559 0.482622 0.2097559 1 P 0
L 0.435378 0.3042441 0.482622 0.3042441 1 P 0
L 0.4412835 0.257 0.4767166 0.257 0 P 0
L 0.459 0.2392834 0.459 0.2747165 0 P 0
L 0.482622 0.2097559 0.482622 0.3042441 1 P 0
L 0.5307973 0.1629949 0.5307973 0.3145697 1 P 0
L 0.5307973 0.1629949 1.2355256 0.1629949 1 P 0
L 0.5307973 0.3145775 1.2355256 0.3145775 1 P 0
L 0.7272992 1.2575512 0.7272992 1.3264489 1 P 0
L 0.7272992 1.2575512 0.7647008 1.2575512 1 P 0
L 0.7272992 1.3264489 0.7647008 1.3264489 1 P 0
L 0.7351732 1.292 0.7568268 1.292 0 P 0
L 0.746 1.2811733 0.746 1.3028268 0 P 0
L 0.7647008 1.2575512 0.7647008 1.3264489 1 P 0
L 0.7732992 1.2585512 0.7732992 1.3274489 1 P 0
L 0.7732992 1.2585512 0.8107008 1.2585512 1 P 0
L 0.7732992 1.3274489 0.8107008 1.3274489 1 P 0
L 0.7811732 1.293 0.8028268 1.293 0 P 0
L 0.792 1.2821733 0.792 1.3038268 0 P 0
L 0.8035512 1.5402992 0.8035512 1.5777008 1 P 0
L 0.8035512 1.5402992 0.8724489 1.5402992 1 P 0
L 0.8035512 1.5777008 0.8724489 1.5777008 1 P 0
L 0.8107008 1.2585512 0.8107008 1.3274489 1 P 0
L 0.8271733 1.559 0.8488268 1.559 0 P 0
L 0.838 1.5481732 0.838 1.5698268 0 P 0
L 0.8634666 0.2328763 0.9028366 0.2328763 0 P 0
L 0.8724489 1.5402992 0.8724489 1.5777008 1 P 0
L 0.8831516 0.2131913 0.8831516 0.2525613 0 P 0
L 0.9125511 1.5412992 0.9125511 1.5787008 1 P 0
L 0.9125511 1.5412992 0.9814488 1.5412992 1 P 0
L 0.9125511 1.5787008 0.9814488 1.5787008 1 P 0
L 0.9361732 1.56 0.9578267 1.56 0 P 0
L 0.947 1.5491732 0.947 1.5708268 0 P 0
L 0.9505511 1.2472992 0.9505511 1.2847008 1 P 0
L 0.9505511 1.2472992 1.0194488 1.2472992 1 P 0
L 0.9505511 1.2847008 1.0194488 1.2847008 1 P 0
L 0.9505511 1.2882992 0.9505511 1.3257008 1 P 0
L 0.9505511 1.2882992 1.0194488 1.2882992 1 P 0
L 0.9505511 1.3257008 1.0194488 1.3257008 1 P 0
L 0.9741732 1.266 0.9958267 1.266 0 P 0
L 0.9741732 1.307 0.9958267 1.307 0 P 0
L 0.9814488 1.5412992 0.9814488 1.5787008 1 P 0
L 0.985 1.2551732 0.985 1.2768268 0 P 0
L 0.985 1.2961732 0.985 1.3178268 0 P 0
L 1.0194488 1.2472992 1.0194488 1.2847008 1 P 0
L 1.0194488 1.2882992 1.0194488 1.3257008 1 P 0
L 1.2355256 0.1629949 1.2355256 0.3145697 1 P 0
L 1.3226299 0.340315 1.3226299 0.379685 1 P 0
L 1.3226299 0.340315 1.4013701 0.340315 1 P 0
L 1.3226299 0.379685 1.4013701 0.379685 1 P 0
L 1.3266299 0.271315 1.3266299 0.310685 1 P 0
L 1.3266299 0.271315 1.4053701 0.271315 1 P 0
L 1.3266299 0.310685 1.4053701 0.310685 1 P 0
L 1.3511732 0.36 1.3728268 0.36 0 P 0
L 1.3551732 0.291 1.3768268 0.291 0 P 0
L 1.362 0.3491732 1.362 0.3708267 0 P 0
L 1.366 0.2801733 1.366 0.3018268 0 P 0
L 1.4013701 0.340315 1.4013701 0.379685 1 P 0
L 1.4053701 0.271315 1.4053701 0.310685 1 P 0
