#Layer_Color=9474304
#
#Feature symbol names
#
$0 r5

#
#Feature attribute names
#

#
#Layer features
#
L 0.546 0.15 0.554 0.15 0 P 0
L 0.546 0.336 0.554 0.336 0 P 0
L 0.55 0.146 0.55 0.154 0 P 0
L 0.55 0.332 0.55 0.34 0 P 0
L 0.572 1.494 0.58 1.494 0 P 0
L 0.576 1.49 0.576 1.498 0 P 0
L 0.594 0.145 0.602 0.145 0 P 0
L 0.598 0.141 0.598 0.149 0 P 0
L 0.646 0.125 0.654 0.125 0 P 0
L 0.65 0.121 0.65 0.129 0 P 0
L 0.653 1.386 0.661 1.386 0 P 0
L 0.655666 1.364334 0.663666 1.364334 0 P 0
L 0.657 1.382 0.657 1.39 0 P 0
L 0.659666 1.360334 0.659666 1.368334 0 P 0
L 0.671 0.225 0.679 0.225 0 P 0
L 0.675 0.221 0.675 0.229 0 P 0
L 0.692 0.14 0.7 0.14 0 P 0
L 0.696 0.136 0.696 0.144 0 P 0
L 0.708 1.244 0.716 1.244 0 P 0
L 0.712 1.24 0.712 1.248 0 P 0
L 0.751 0.14 0.759 0.14 0 P 0
L 0.755 0.136 0.755 0.144 0 P 0
L 0.756 1.365 0.764 1.365 0 P 0
L 0.76 1.361 0.76 1.369 0 P 0
L 0.761 1.45 0.769 1.45 0 P 0
L 0.763 1.496 0.771 1.496 0 P 0
L 0.765 1.446 0.765 1.454 0 P 0
L 0.767 1.492 0.767 1.5 0 P 0
L 0.781 1.24 0.789 1.24 0 P 0
L 0.782 1.559 0.79 1.559 0 P 0
L 0.785 1.236 0.785 1.244 0 P 0
L 0.786 1.555 0.786 1.563 0 P 0
L 0.794 1.121 0.802 1.121 0 P 0
L 0.798 1.117 0.798 1.125 0 P 0
L 0.811 0.141 0.819 0.141 0 P 0
L 0.815 0.137 0.815 0.145 0 P 0
L 0.831 1.325 0.839 1.325 0 P 0
L 0.835 1.321 0.835 1.329 0 P 0
L 0.843 1.295 0.851 1.295 0 P 0
L 0.847 1.291 0.847 1.299 0 P 0
L 0.849 0.22 0.857 0.22 0 P 0
L 0.852 1.121 0.86 1.121 0 P 0
L 0.853 0.216 0.853 0.224 0 P 0
L 0.856 1.117 0.856 1.125 0 P 0
L 0.871 0.125 0.879 0.125 0 P 0
L 0.871 1.121 0.879 1.121 0 P 0
L 0.875 0.121 0.875 0.129 0 P 0
L 0.875 1.117 0.875 1.125 0 P 0
L 0.881 1.282 0.889 1.282 0 P 0
L 0.883 1.504 0.891 1.504 0 P 0
L 0.885 1.278 0.885 1.286 0 P 0
L 0.887 1.5 0.887 1.508 0 P 0
L 0.891 1.555 0.899 1.555 0 P 0
L 0.895 1.551 0.895 1.559 0 P 0
L 0.909 0.222 0.917 0.222 0 P 0
L 0.913 0.218 0.913 0.226 0 P 0
L 0.921 1.265 0.929 1.265 0 P 0
L 0.921 1.305 0.929 1.305 0 P 0
L 0.925 1.261 0.925 1.269 0 P 0
L 0.925 1.301 0.925 1.309 0 P 0
L 0.943 1.4880891 0.951 1.4880891 0 P 0
L 0.946 1.342 0.954 1.342 0 P 0
L 0.947 1.4840891 0.947 1.4920891 0 P 0
L 0.95 1.338 0.95 1.346 0 P 0
L 0.968 0.223 0.976 0.223 0 P 0
L 0.972 0.219 0.972 0.227 0 P 0
L 0.976 1.425 0.984 1.425 0 P 0
L 0.98 1.421 0.98 1.429 0 P 0
L 0.991 1.23 0.999 1.23 0 P 0
L 0.995 1.226 0.995 1.234 0 P 0
L 0.996 1.34 1.004 1.34 0 P 0
L 1 1.336 1 1.344 0 P 0
L 1.007 1.185 1.015 1.185 0 P 0
L 1.01 1.562 1.018 1.562 0 P 0
L 1.011 1.181 1.011 1.189 0 P 0
L 1.014 1.558 1.014 1.566 0 P 0
L 1.021 1.42 1.029 1.42 0 P 0
L 1.025 1.416 1.025 1.424 0 P 0
L 1.026 0.225 1.034 0.225 0 P 0
L 1.026 1.185 1.034 1.185 0 P 0
L 1.03 0.221 1.03 0.229 0 P 0
L 1.03 1.181 1.03 1.189 0 P 0
L 1.041 1.335 1.049 1.335 0 P 0
L 1.045 1.331 1.045 1.339 0 P 0
L 1.058 1.277 1.066 1.277 0 P 0
L 1.062 1.273 1.062 1.281 0 P 0
L 1.076 1.405 1.084 1.405 0 P 0
L 1.08 1.401 1.08 1.409 0 P 0
L 1.082 1.56 1.09 1.56 0 P 0
L 1.085 0.225 1.093 0.225 0 P 0
L 1.086 1.556 1.086 1.564 0 P 0
L 1.089 0.221 1.089 0.229 0 P 0
L 1.093 1.492 1.101 1.492 0 P 0
L 1.096 0.125 1.104 0.125 0 P 0
L 1.096 1.33 1.104 1.33 0 P 0
L 1.097 1.488 1.097 1.496 0 P 0
L 1.1 0.121 1.1 0.129 0 P 0
L 1.1 1.326 1.1 1.334 0 P 0
L 1.101 1.56 1.109 1.56 0 P 0
L 1.105 1.556 1.105 1.564 0 P 0
L 1.135 1.416 1.143 1.416 0 P 0
L 1.139 1.412 1.139 1.42 0 P 0
L 1.166 0.141 1.174 0.141 0 P 0
L 1.17 0.137 1.17 0.145 0 P 0
L 1.176 1.375 1.184 1.375 0 P 0
L 1.18 1.371 1.18 1.379 0 P 0
L 1.188334 1.417334 1.196334 1.417334 0 P 0
L 1.191 1.439 1.199 1.439 0 P 0
L 1.192334 1.413334 1.192334 1.421334 0 P 0
L 1.195 1.435 1.195 1.443 0 P 0
L 1.196 0.225 1.204 0.225 0 P 0
L 1.2 0.221 1.2 0.229 0 P 0
L 1.256 0.28 1.264 0.28 0 P 0
L 1.26 0.276 1.26 0.284 0 P 0
L 1.296 0.35 1.304 0.35 0 P 0
L 1.3 0.346 1.3 0.354 0 P 0
L 1.396 0.405 1.404 0.405 0 P 0
L 1.4 0.401 1.4 0.409 0 P 0
