#Layer_Color=16711935
#
#Feature symbol names
#
$0 r3.937

#
#Feature attribute names
#

#
#Layer features
#
L 0.4412835 0.2235354 0.4412835 0.2904645 0 P 0
L 0.4412835 0.2235354 0.4767166 0.2235354 0 P 0
L 0.4412835 0.2904645 0.4767166 0.2904645 0 P 0
L 0.4767166 0.2235354 0.4767166 0.2904645 0 P 0
L 0.5347356 0.1689109 0.5347356 0.2929269 0 P 0
L 0.5347356 0.1689109 0.5662332 0.1689109 0 P 0
L 0.5347356 0.2929269 0.5500892 0.2929269 0 P 0
L 0.5500892 0.2929269 0.5500892 0.3106421 0 P 0
L 0.5500892 0.3007989 1.2162332 0.3007989 0 P 0
L 0.5500892 0.3106421 1.2162332 0.3106421 0 P 0
L 0.5662332 0.1689109 0.5662332 0.1889877 0 P 0
L 0.5662332 0.1889877 1.2000892 0.1889877 0 P 0
L 0.7351732 1.2713307 0.7351732 1.3126693 0 P 0
L 0.7351732 1.2713307 0.7568268 1.2713307 0 P 0
L 0.7351732 1.3126693 0.7568268 1.3126693 0 P 0
L 0.7568268 1.2713307 0.7568268 1.3126693 0 P 0
L 0.7811732 1.2723307 0.7811732 1.3136693 0 P 0
L 0.7811732 1.2723307 0.8028268 1.2723307 0 P 0
L 0.7811732 1.3136693 0.8028268 1.3136693 0 P 0
L 0.8028268 1.2723307 0.8028268 1.3136693 0 P 0
L 0.8173307 1.5481732 0.8173307 1.5698268 0 P 0
L 0.8173307 1.5481732 0.8586693 1.5481732 0 P 0
L 0.8173307 1.5698268 0.8586693 1.5698268 0 P 0
L 0.8586693 1.5481732 0.8586693 1.5698268 0 P 0
L 0.9263307 1.5491732 0.9263307 1.5708268 0 P 0
L 0.9263307 1.5491732 0.9676693 1.5491732 0 P 0
L 0.9263307 1.5708268 0.9676693 1.5708268 0 P 0
L 0.9643307 1.2551732 0.9643307 1.2768268 0 P 0
L 0.9643307 1.2551732 1.0056693 1.2551732 0 P 0
L 0.9643307 1.2768268 1.0056693 1.2768268 0 P 0
L 0.9643307 1.2961732 0.9643307 1.3178268 0 P 0
L 0.9643307 1.2961732 1.0056693 1.2961732 0 P 0
L 0.9643307 1.3178268 1.0056693 1.3178268 0 P 0
L 0.9676693 1.5491732 0.9676693 1.5708268 0 P 0
L 1.0056693 1.2551732 1.0056693 1.2768268 0 P 0
L 1.0056693 1.2961732 1.0056693 1.3178268 0 P 0
L 1.2000892 0.1689109 1.2000892 0.1889877 0 P 0
L 1.2000892 0.1689109 1.2315868 0.1689109 0 P 0
L 1.2162332 0.2929269 1.2162332 0.3106421 0 P 0
L 1.2162332 0.2929269 1.2315868 0.2929269 0 P 0
L 1.2315868 0.1689109 1.2315868 0.2929061 0 P 0
L 1.3413307 0.3491732 1.3413307 0.3708267 0 P 0
L 1.3413307 0.3491732 1.3826693 0.3491732 0 P 0
L 1.3413307 0.3708267 1.3826693 0.3708267 0 P 0
L 1.3453307 0.2801733 1.3453307 0.3018268 0 P 0
L 1.3453307 0.2801733 1.3866693 0.2801733 0 P 0
L 1.3453307 0.3018268 1.3866693 0.3018268 0 P 0
L 1.3826693 0.3491732 1.3826693 0.3708267 0 P 0
L 1.3866693 0.2801733 1.3866693 0.3018268 0 P 0
