#Layer_Color=9474304
#
#Feature symbol names
#
$0 r5

#
#Feature attribute names
#

#
#Layer features
#
L 0.53 0.13 0.53 0.17 0 P 0
L 0.53 0.13 0.57 0.13 0 P 0
L 0.53 0.17 0.57 0.17 0 P 0
L 0.53 0.316 0.53 0.356 0 P 0
L 0.53 0.316 0.57 0.316 0 P 0
L 0.53 0.356 0.57 0.356 0 P 0
L 0.556 1.474 0.556 1.514 0 P 0
L 0.556 1.474 0.596 1.474 0 P 0
L 0.556 1.514 0.596 1.514 0 P 0
L 0.57 0.13 0.57 0.17 0 P 0
L 0.57 0.316 0.57 0.356 0 P 0
L 0.578 0.125 0.578 0.165 0 P 0
L 0.578 0.125 0.618 0.125 0 P 0
L 0.578 0.165 0.618 0.165 0 P 0
L 0.596 1.474 0.596 1.514 0 P 0
L 0.618 0.125 0.618 0.165 0 P 0
L 0.63 0.105 0.63 0.145 0 P 0
L 0.63 0.105 0.67 0.105 0 P 0
L 0.63 0.145 0.67 0.145 0 P 0
L 0.637 1.366 0.637 1.406 0 P 0
L 0.637 1.366 0.677 1.366 0 P 0
L 0.637 1.406 0.677 1.406 0 P 0
L 0.639666 1.344334 0.639666 1.384334 0 P 0
L 0.639666 1.344334 0.679666 1.344334 0 P 0
L 0.639666 1.384334 0.679666 1.384334 0 P 0
L 0.655 0.205 0.655 0.245 0 P 0
L 0.655 0.205 0.695 0.205 0 P 0
L 0.655 0.245 0.695 0.245 0 P 0
L 0.67 0.105 0.67 0.145 0 P 0
L 0.676 0.12 0.676 0.16 0 P 0
L 0.676 0.12 0.716 0.12 0 P 0
L 0.676 0.16 0.716 0.16 0 P 0
L 0.677 1.366 0.677 1.406 0 P 0
L 0.679666 1.344334 0.679666 1.384334 0 P 0
L 0.692 1.224 0.692 1.264 0 P 0
L 0.692 1.224 0.732 1.224 0 P 0
L 0.692 1.264 0.732 1.264 0 P 0
L 0.695 0.205 0.695 0.245 0 P 0
L 0.716 0.12 0.716 0.16 0 P 0
L 0.732 1.224 0.732 1.264 0 P 0
L 0.735 0.12 0.735 0.16 0 P 0
L 0.735 0.12 0.775 0.12 0 P 0
L 0.735 0.16 0.775 0.16 0 P 0
L 0.74 1.345 0.74 1.385 0 P 0
L 0.74 1.345 0.78 1.345 0 P 0
L 0.74 1.385 0.78 1.385 0 P 0
L 0.745 1.43 0.745 1.47 0 P 0
L 0.745 1.43 0.785 1.43 0 P 0
L 0.745 1.47 0.785 1.47 0 P 0
L 0.747 1.476 0.747 1.516 0 P 0
L 0.747 1.476 0.787 1.476 0 P 0
L 0.747 1.516 0.787 1.516 0 P 0
L 0.765 1.22 0.765 1.26 0 P 0
L 0.765 1.22 0.805 1.22 0 P 0
L 0.765 1.26 0.805 1.26 0 P 0
L 0.766 1.539 0.766 1.579 0 P 0
L 0.766 1.539 0.806 1.539 0 P 0
L 0.766 1.579 0.806 1.579 0 P 0
L 0.775 0.12 0.775 0.16 0 P 0
L 0.778 1.101 0.778 1.141 0 P 0
L 0.778 1.101 0.818 1.101 0 P 0
L 0.778 1.141 0.818 1.141 0 P 0
L 0.78 1.345 0.78 1.385 0 P 0
L 0.785 1.43 0.785 1.47 0 P 0
L 0.787 1.476 0.787 1.516 0 P 0
L 0.795 0.121 0.795 0.161 0 P 0
L 0.795 0.121 0.835 0.121 0 P 0
L 0.795 0.161 0.835 0.161 0 P 0
L 0.805 1.22 0.805 1.26 0 P 0
L 0.806 1.539 0.806 1.579 0 P 0
L 0.815 1.305 0.815 1.345 0 P 0
L 0.815 1.305 0.855 1.305 0 P 0
L 0.815 1.345 0.855 1.345 0 P 0
L 0.818 1.101 0.818 1.141 0 P 0
L 0.827 1.275 0.827 1.315 0 P 0
L 0.827 1.275 0.867 1.275 0 P 0
L 0.827 1.315 0.867 1.315 0 P 0
L 0.833 0.2 0.833 0.24 0 P 0
L 0.833 0.2 0.873 0.2 0 P 0
L 0.833 0.24 0.873 0.24 0 P 0
L 0.835 0.121 0.835 0.161 0 P 0
L 0.836 1.101 0.836 1.141 0 P 0
L 0.836 1.101 0.876 1.101 0 P 0
L 0.836 1.141 0.876 1.141 0 P 0
L 0.855 0.105 0.855 0.145 0 P 0
L 0.855 0.105 0.895 0.105 0 P 0
L 0.855 0.145 0.895 0.145 0 P 0
L 0.855 1.101 0.855 1.141 0 P 0
L 0.855 1.101 0.895 1.101 0 P 0
L 0.855 1.141 0.895 1.141 0 P 0
L 0.855 1.305 0.855 1.345 0 P 0
L 0.865 1.262 0.865 1.302 0 P 0
L 0.865 1.262 0.905 1.262 0 P 0
L 0.865 1.302 0.905 1.302 0 P 0
L 0.867 1.275 0.867 1.315 0 P 0
L 0.867 1.484 0.867 1.524 0 P 0
L 0.867 1.484 0.907 1.484 0 P 0
L 0.867 1.524 0.907 1.524 0 P 0
L 0.873 0.2 0.873 0.24 0 P 0
L 0.875 1.535 0.875 1.575 0 P 0
L 0.875 1.535 0.915 1.535 0 P 0
L 0.875 1.575 0.915 1.575 0 P 0
L 0.876 1.101 0.876 1.141 0 P 0
L 0.893 0.202 0.893 0.242 0 P 0
L 0.893 0.202 0.933 0.202 0 P 0
L 0.893 0.242 0.933 0.242 0 P 0
L 0.895 0.105 0.895 0.145 0 P 0
L 0.895 1.101 0.895 1.141 0 P 0
L 0.905 1.245 0.905 1.285 0 P 0
L 0.905 1.245 0.945 1.245 0 P 0
L 0.905 1.262 0.905 1.302 0 P 0
L 0.905 1.285 0.905 1.325 0 P 0
L 0.905 1.285 0.945 1.285 0 P 0
L 0.905 1.285 0.945 1.285 0 P 0
L 0.905 1.325 0.945 1.325 0 P 0
L 0.907 1.484 0.907 1.524 0 P 0
L 0.915 1.535 0.915 1.575 0 P 0
L 0.927 1.4680891 0.927 1.5080891 0 P 0
L 0.927 1.4680891 0.967 1.4680891 0 P 0
L 0.927 1.5080891 0.967 1.5080891 0 P 0
L 0.93 1.322 0.93 1.362 0 P 0
L 0.93 1.322 0.97 1.322 0 P 0
L 0.93 1.362 0.97 1.362 0 P 0
L 0.933 0.202 0.933 0.242 0 P 0
L 0.945 1.245 0.945 1.285 0 P 0
L 0.945 1.285 0.945 1.325 0 P 0
L 0.952 0.203 0.952 0.243 0 P 0
L 0.952 0.203 0.992 0.203 0 P 0
L 0.952 0.243 0.992 0.243 0 P 0
L 0.96 1.405 0.96 1.445 0 P 0
L 0.96 1.405 1 1.405 0 P 0
L 0.96 1.445 1 1.445 0 P 0
L 0.967 1.4680891 0.967 1.5080891 0 P 0
L 0.97 1.322 0.97 1.362 0 P 0
L 0.975 1.21 0.975 1.25 0 P 0
L 0.975 1.21 1.015 1.21 0 P 0
L 0.975 1.25 1.015 1.25 0 P 0
L 0.98 1.32 0.98 1.36 0 P 0
L 0.98 1.32 1.02 1.32 0 P 0
L 0.98 1.36 1.02 1.36 0 P 0
L 0.991 1.165 0.991 1.205 0 P 0
L 0.991 1.165 1.031 1.165 0 P 0
L 0.991 1.205 1.031 1.205 0 P 0
L 0.992 0.203 0.992 0.243 0 P 0
L 0.994 1.542 0.994 1.582 0 P 0
L 0.994 1.542 1.034 1.542 0 P 0
L 0.994 1.582 1.034 1.582 0 P 0
L 1 1.405 1 1.445 0 P 0
L 1.005 1.4 1.005 1.44 0 P 0
L 1.005 1.4 1.045 1.4 0 P 0
L 1.005 1.44 1.045 1.44 0 P 0
L 1.01 0.205 1.01 0.245 0 P 0
L 1.01 0.205 1.05 0.205 0 P 0
L 1.01 0.245 1.05 0.245 0 P 0
L 1.01 1.165 1.01 1.205 0 P 0
L 1.01 1.165 1.05 1.165 0 P 0
L 1.01 1.205 1.05 1.205 0 P 0
L 1.015 1.21 1.015 1.25 0 P 0
L 1.02 1.32 1.02 1.36 0 P 0
L 1.025 1.315 1.025 1.355 0 P 0
L 1.025 1.315 1.065 1.315 0 P 0
L 1.025 1.355 1.065 1.355 0 P 0
L 1.031 1.165 1.031 1.205 0 P 0
L 1.034 1.542 1.034 1.582 0 P 0
L 1.042 1.257 1.042 1.297 0 P 0
L 1.042 1.257 1.082 1.257 0 P 0
L 1.042 1.297 1.082 1.297 0 P 0
L 1.045 1.4 1.045 1.44 0 P 0
L 1.05 0.205 1.05 0.245 0 P 0
L 1.05 1.165 1.05 1.205 0 P 0
L 1.06 1.385 1.06 1.425 0 P 0
L 1.06 1.385 1.1 1.385 0 P 0
L 1.06 1.425 1.1 1.425 0 P 0
L 1.065 1.315 1.065 1.355 0 P 0
L 1.066 1.54 1.066 1.58 0 P 0
L 1.066 1.54 1.106 1.54 0 P 0
L 1.066 1.58 1.106 1.58 0 P 0
L 1.069 0.205 1.069 0.245 0 P 0
L 1.069 0.205 1.109 0.205 0 P 0
L 1.069 0.245 1.109 0.245 0 P 0
L 1.077 1.472 1.077 1.512 0 P 0
L 1.077 1.472 1.117 1.472 0 P 0
L 1.077 1.512 1.117 1.512 0 P 0
L 1.08 0.105 1.08 0.145 0 P 0
L 1.08 0.105 1.12 0.105 0 P 0
L 1.08 0.145 1.12 0.145 0 P 0
L 1.08 1.31 1.08 1.35 0 P 0
L 1.08 1.31 1.12 1.31 0 P 0
L 1.08 1.35 1.12 1.35 0 P 0
L 1.082 1.257 1.082 1.297 0 P 0
L 1.085 1.54 1.085 1.58 0 P 0
L 1.085 1.54 1.125 1.54 0 P 0
L 1.085 1.58 1.125 1.58 0 P 0
L 1.1 1.385 1.1 1.425 0 P 0
L 1.106 1.54 1.106 1.58 0 P 0
L 1.109 0.205 1.109 0.245 0 P 0
L 1.117 1.472 1.117 1.512 0 P 0
L 1.119 1.396 1.119 1.436 0 P 0
L 1.119 1.396 1.159 1.396 0 P 0
L 1.119 1.436 1.159 1.436 0 P 0
L 1.12 0.105 1.12 0.145 0 P 0
L 1.12 1.31 1.12 1.35 0 P 0
L 1.125 1.54 1.125 1.58 0 P 0
L 1.15 0.121 1.15 0.161 0 P 0
L 1.15 0.121 1.19 0.121 0 P 0
L 1.15 0.161 1.19 0.161 0 P 0
L 1.159 1.396 1.159 1.436 0 P 0
L 1.16 1.355 1.16 1.395 0 P 0
L 1.16 1.355 1.2 1.355 0 P 0
L 1.16 1.395 1.2 1.395 0 P 0
L 1.172334 1.397334 1.172334 1.437334 0 P 0
L 1.172334 1.397334 1.212334 1.397334 0 P 0
L 1.172334 1.437334 1.212334 1.437334 0 P 0
L 1.175 1.419 1.175 1.459 0 P 0
L 1.175 1.419 1.215 1.419 0 P 0
L 1.175 1.459 1.215 1.459 0 P 0
L 1.18 0.205 1.18 0.245 0 P 0
L 1.18 0.205 1.22 0.205 0 P 0
L 1.18 0.245 1.22 0.245 0 P 0
L 1.19 0.121 1.19 0.161 0 P 0
L 1.2 1.355 1.2 1.395 0 P 0
L 1.212334 1.397334 1.212334 1.437334 0 P 0
L 1.215 1.419 1.215 1.459 0 P 0
L 1.22 0.205 1.22 0.245 0 P 0
L 1.24 0.26 1.24 0.3 0 P 0
L 1.24 0.26 1.28 0.26 0 P 0
L 1.24 0.3 1.28 0.3 0 P 0
L 1.28 0.26 1.28 0.3 0 P 0
L 1.28 0.33 1.28 0.37 0 P 0
L 1.28 0.33 1.32 0.33 0 P 0
L 1.28 0.37 1.32 0.37 0 P 0
L 1.32 0.33 1.32 0.37 0 P 0
L 1.38 0.385 1.38 0.425 0 P 0
L 1.38 0.385 1.42 0.385 0 P 0
L 1.38 0.425 1.42 0.425 0 P 0
L 1.42 0.385 1.42 0.425 0 P 0
